91759
313116
597014
852764
1080529
1302451
1521218
1738049
1936842
2126959
2332678
2513200
2697125
2883002
3053894
3261738
3431130
3641320
3885847
4134289
4366140
4593687
4818539
5040669
5325550
5601861
5877832
6132919
6418083
6684920
6933663
7253719
7623128
8033558
8349005
8698535
9099211
9618085
10080220
10507366
10885159
11301121
11698677
12105437
12496922
12936637
13301204
13699178
14072126
14463042
14914422
15374140
15884986
16343950
16892756
17291535
17834709
18345484
18794534
19292048
19794896
20317525
20819736
21300917
21768044
22232213
22702103
23169120
23685150
24234211
24778778
25305002
25815736
26346702
26777804
27221894
27753014
28224005
28740101
29255012
29773008
30257482
30734310
31233133
31682870
32135703
32648826
33115395
